{
 "cells": [
  {
   "cell_type": "markdown",
   "metadata": {},
   "source": [
    "# PCA Decomposition\n",
    "\n",
    "Principal Components aims to reduce the dimensionality of a dataset; by finding the least amount of variables that explain the largest proportion of the data. It does this by transforming the data from a correlation matrix (more commonly used on financial data than a covariance matrix), onto a subspace with less dimensions, where all explanatory variables are orthogonal (perpendicular) to each other, i.e there is no multicollinearity. These are <b>statistical properties</b> and do not necesarrily have an economic interpretation.\n",
    "\n",
    "For this analysis I will use the 10-year-yield for the US and UK to see if we can fiind an estimate for the long-term interest rate/term premium. It is commonly know that:\n",
    "\n",
    "<b>PC1:</b> constant ~ long term interest rate ~ R*\n",
    "\n",
    "<b>PC2:</b> slope ~ term premia\n",
    "\n",
    "<b>PC3:</b> curvature\n",
    "\n",
    "To read about this in more detail, read the PCA section of <i>\"Market Risk Analysis II, Practical Financial Econometrics- Carol Alexander\"</i>.\n",
    "\n",
    "There is also a good paper here which uses PCA and macroeconomic variables: https://pdfs.semanticscholar.org/8736/5855217edbc53e5e29c5c5872db7efb907cc.pdf\n",
    "\n",
    "In this code I perform PCA manually, but there is a module in scikit-learn which speeds up the process:\n",
    "\n",
    "https://github.com/scikit-learn/scikit-learn/blob/b194674c4/sklearn/decomposition/_pca.py#L104\n",
    "\n",
    "A bit more detail on how to do PCA in Python: http://sebastianraschka.com/Articles/2015_pca_in_3_steps.html"
   ]
  },
  {
   "cell_type": "markdown",
   "metadata": {},
   "source": [
    "# 1. Import and clean data"
   ]
  },
  {
   "cell_type": "code",
   "execution_count": 9,
   "metadata": {},
   "outputs": [],
   "source": [
    "%matplotlib inline\n",
    "import matplotlib.pyplot as plt\n",
    "import pandas as pd\n",
    "import numpy as np\n",
    "from sklearn.preprocessing import StandardScaler\n",
    "\n",
    "df = pd.read_excel(\"GLC Nominal month end data_1970 to 2015.xlsx\", \n",
    "                   index_col=0, header=3, dtypes = \"float64\", sheet_name=\"4. spot curve\", skiprows=[4])\n",
    "\n",
    "df = df.iloc[:,0:20]"
   ]
  },
  {
   "cell_type": "code",
   "execution_count": 11,
   "metadata": {},
   "outputs": [],
   "source": [
    "df = df.dropna(how=\"any\")"
   ]
  },
  {
   "cell_type": "code",
   "execution_count": 30,
   "metadata": {
    "collapsed": true
   },
   "outputs": [
    {
     "data": {
      "text/plain": [
       "array([[1.        , 0.99635313, 0.99034992, 0.98390992, 0.97768224,\n",
       "        0.97186217, 0.96646558, 0.96142656, 0.95665024, 0.95204292,\n",
       "        0.94752707, 0.94304904, 0.93857538, 0.93408433, 0.92956163,\n",
       "        0.92499726, 0.92038309, 0.91571145, 0.91097466, 0.90616492],\n",
       "       [0.99635313, 1.        , 0.99819358, 0.99437946, 0.98991187,\n",
       "        0.98535628, 0.98092243, 0.97665237, 0.97251405, 0.96845206,\n",
       "        0.96441336, 0.96035959, 0.95626709, 0.95212146, 0.94791438,\n",
       "        0.94364076, 0.93929657, 0.93487753, 0.93037868, 0.9257943 ],\n",
       "       [0.99034992, 0.99819358, 1.        , 0.99888678, 0.99642004,\n",
       "        0.99338327, 0.99013468, 0.986815  , 0.98345916, 0.98005839,\n",
       "        0.97659259, 0.97304627, 0.96941179, 0.96568676, 0.96187199,\n",
       "        0.95796929, 0.95397987, 0.94990335, 0.9457376 , 0.94147881],\n",
       "       [0.98390992, 0.99437946, 0.99888678, 1.        , 0.99928341,\n",
       "        0.99762753, 0.99548459, 0.99306626, 0.99046001, 0.98769611,\n",
       "        0.98478344, 0.98172757, 0.9785362 , 0.97521858, 0.97178436,\n",
       "        0.96824212, 0.9645981 , 0.96085572, 0.95701555, 0.95307569],\n",
       "       [0.97768224, 0.98991187, 0.99642004, 0.99928341, 1.        ,\n",
       "        0.99951112, 0.9983273 , 0.99670838, 0.99477943, 0.99259969,\n",
       "        0.99020027, 0.9876033 , 0.98482885, 0.98189568, 0.97882079,\n",
       "        0.97561843, 0.97229915, 0.96886968, 0.96533304, 0.96168909],\n",
       "       [0.97186217, 0.98535628, 0.99338327, 0.99762753, 0.99951112,\n",
       "        1.        , 0.99964174, 0.99872864, 0.99741166, 0.99577029,\n",
       "        0.99385145, 0.99168927, 0.98931295, 0.98674841, 0.98401834,\n",
       "        0.98114142, 0.97813179, 0.97499892, 0.97174802, 0.9683806 ],\n",
       "       [0.96646558, 0.98092243, 0.99013468, 0.99548459, 0.9983273 ,\n",
       "        0.99964174, 1.        , 0.9997162 , 0.99895855, 0.9978199 ,\n",
       "        0.99635758, 0.99461376, 0.99262386, 0.99041882, 0.98802544,\n",
       "        0.98546578, 0.98275678, 0.97991023, 0.97693325, 0.9738289 ],\n",
       "       [0.96142656, 0.97665237, 0.986815  , 0.99306626, 0.99670838,\n",
       "        0.99872864, 0.9997162 , 1.        , 0.9997593 , 0.99909506,\n",
       "        0.99807085, 0.9967336 , 0.99512253, 0.99327179, 0.99121094,\n",
       "        0.98896445, 0.98655142, 0.98398554, 0.98127559, 0.97842604],\n",
       "       [0.95665024, 0.97251405, 0.98345916, 0.99046001, 0.99477943,\n",
       "        0.99741166, 0.99895855, 0.9997593 , 1.        , 0.99978601,\n",
       "        0.99918398, 0.99824314, 0.99700461, 0.99550427, 0.99377332,\n",
       "        0.99183787, 0.98971857, 0.98743063, 0.98498421, 0.98238512],\n",
       "       [0.95204292, 0.96845206, 0.98005839, 0.98769611, 0.99259969,\n",
       "        0.99577029, 0.9978199 , 0.99909506, 0.99978601, 1.        ,\n",
       "        0.99980462, 0.99924967, 0.99837674, 0.99722234, 0.99581847,\n",
       "        0.99419217, 0.99236516, 0.99035381, 0.98816945, 0.98581901],\n",
       "       [0.94752707, 0.96441336, 0.97659259, 0.98478344, 0.99020027,\n",
       "        0.99385145, 0.99635758, 0.99807085, 0.99918398, 0.99980462,\n",
       "        1.        , 0.99981931, 0.99930367, 0.99848945, 0.99740878,\n",
       "        0.99608912, 0.99455287, 0.99281721, 0.99089439, 0.98879227],\n",
       "       [0.94304904, 0.96035959, 0.97304627, 0.98172757, 0.9876033 ,\n",
       "        0.99168927, 0.99461376, 0.9967336 , 0.99824314, 0.99924967,\n",
       "        0.99981931, 1.        , 0.99983184, 0.99935051, 0.99858781,\n",
       "        0.99757125, 0.99632355, 0.99486243, 0.99320082, 0.99134736],\n",
       "       [0.93857538, 0.95626709, 0.96941179, 0.9785362 , 0.98482885,\n",
       "        0.98931295, 0.99262386, 0.99512253, 0.99700461, 0.99837674,\n",
       "        0.99930367, 0.99983184, 1.        , 0.99984283, 0.99939153,\n",
       "        0.99867337, 0.9977111 , 0.99652277, 0.99512179, 0.99351733],\n",
       "       [0.93408433, 0.95212146, 0.96568676, 0.97521858, 0.98189568,\n",
       "        0.98674841, 0.99041882, 0.99327179, 0.99550427, 0.99722234,\n",
       "        0.99848945, 0.99935051, 0.99984283, 1.        , 0.99985241,\n",
       "        0.9994269 , 0.99874609, 0.99782812, 0.99668668, 0.99533137],\n",
       "       [0.92956163, 0.94791438, 0.96187199, 0.97178436, 0.97882079,\n",
       "        0.98401834, 0.98802544, 0.99121094, 0.99377332, 0.99581847,\n",
       "        0.99740878, 0.99858781, 0.99939153, 0.99985241, 1.        ,\n",
       "        0.99986056, 0.99945644, 0.99880574, 0.99792227, 0.99681585],\n",
       "       [0.92499726, 0.94364076, 0.95796929, 0.96824212, 0.97561843,\n",
       "        0.98114142, 0.98546578, 0.98896445, 0.99183787, 0.99419217,\n",
       "        0.99608912, 0.99757125, 0.99867337, 0.9994269 , 0.99986056,\n",
       "        1.        , 0.99986722, 0.99948014, 0.99885254, 0.99799436],\n",
       "       [0.92038309, 0.93929657, 0.95397987, 0.9645981 , 0.97229915,\n",
       "        0.97813179, 0.98275678, 0.98655142, 0.98971857, 0.99236516,\n",
       "        0.99455287, 0.99632355, 0.9977111 , 0.99874609, 0.99945644,\n",
       "        0.99986722, 1.        , 0.99987244, 0.99949821, 0.99888722],\n",
       "       [0.91571145, 0.93487753, 0.94990335, 0.96085572, 0.96886968,\n",
       "        0.97499892, 0.97991023, 0.98398554, 0.98743063, 0.99035381,\n",
       "        0.99281721, 0.99486243, 0.99652277, 0.99782812, 0.99880574,\n",
       "        0.99948014, 0.99987244, 1.        , 0.99987629, 0.9995111 ],\n",
       "       [0.91097466, 0.93037868, 0.9457376 , 0.95701555, 0.96533304,\n",
       "        0.97174802, 0.97693325, 0.98127559, 0.98498421, 0.98816945,\n",
       "        0.99089439, 0.99320082, 0.99512179, 0.99668668, 0.99792227,\n",
       "        0.99885254, 0.99949821, 0.99987629, 1.        , 0.99987892],\n",
       "       [0.90616492, 0.9257943 , 0.94147881, 0.95307569, 0.96168909,\n",
       "        0.9683806 , 0.9738289 , 0.97842604, 0.98238512, 0.98581901,\n",
       "        0.98879227, 0.99134736, 0.99351733, 0.99533137, 0.99681585,\n",
       "        0.99799436, 0.99888722, 0.9995111 , 0.99987892, 1.        ]])"
      ]
     },
     "execution_count": 30,
     "metadata": {},
     "output_type": "execute_result"
    }
   ],
   "source": [
    "# Standardise the data in the df into z scores\n",
    "df_std = ((df-df.mean()) / df.std())\n",
    "\n",
    "# Run a correlation \n",
    "\n",
    "cov_matrix_array = np.array(np.cov(df_std, rowvar=False))\n",
    "cov_matrix_array"
   ]
  },
  {
   "cell_type": "code",
   "execution_count": 31,
   "metadata": {},
   "outputs": [
    {
     "data": {
      "text/html": [
       "<div>\n",
       "<style scoped>\n",
       "    .dataframe tbody tr th:only-of-type {\n",
       "        vertical-align: middle;\n",
       "    }\n",
       "\n",
       "    .dataframe tbody tr th {\n",
       "        vertical-align: top;\n",
       "    }\n",
       "\n",
       "    .dataframe thead th {\n",
       "        text-align: right;\n",
       "    }\n",
       "</style>\n",
       "<table border=\"1\" class=\"dataframe\">\n",
       "  <thead>\n",
       "    <tr style=\"text-align: right;\">\n",
       "      <th></th>\n",
       "      <th>0.5</th>\n",
       "      <th>1.0</th>\n",
       "      <th>1.5</th>\n",
       "      <th>2.0</th>\n",
       "      <th>2.5</th>\n",
       "      <th>3.0</th>\n",
       "      <th>3.5</th>\n",
       "      <th>4.0</th>\n",
       "      <th>4.5</th>\n",
       "      <th>5.0</th>\n",
       "      <th>5.5</th>\n",
       "      <th>6.0</th>\n",
       "      <th>6.5</th>\n",
       "      <th>7.0</th>\n",
       "      <th>7.5</th>\n",
       "      <th>8.0</th>\n",
       "      <th>8.5</th>\n",
       "      <th>9.0</th>\n",
       "      <th>9.5</th>\n",
       "      <th>10.0</th>\n",
       "    </tr>\n",
       "    <tr>\n",
       "      <th>years:</th>\n",
       "      <th></th>\n",
       "      <th></th>\n",
       "      <th></th>\n",
       "      <th></th>\n",
       "      <th></th>\n",
       "      <th></th>\n",
       "      <th></th>\n",
       "      <th></th>\n",
       "      <th></th>\n",
       "      <th></th>\n",
       "      <th></th>\n",
       "      <th></th>\n",
       "      <th></th>\n",
       "      <th></th>\n",
       "      <th></th>\n",
       "      <th></th>\n",
       "      <th></th>\n",
       "      <th></th>\n",
       "      <th></th>\n",
       "      <th></th>\n",
       "    </tr>\n",
       "  </thead>\n",
       "  <tbody>\n",
       "    <tr>\n",
       "      <th>1970-07-31</th>\n",
       "      <td>0.046342</td>\n",
       "      <td>0.137478</td>\n",
       "      <td>0.114726</td>\n",
       "      <td>0.075453</td>\n",
       "      <td>0.040053</td>\n",
       "      <td>0.011046</td>\n",
       "      <td>-0.011945</td>\n",
       "      <td>-0.029681</td>\n",
       "      <td>-0.042951</td>\n",
       "      <td>-0.052381</td>\n",
       "      <td>-0.058423</td>\n",
       "      <td>-0.061422</td>\n",
       "      <td>-0.061661</td>\n",
       "      <td>-0.059374</td>\n",
       "      <td>-0.054744</td>\n",
       "      <td>-0.047923</td>\n",
       "      <td>-0.039040</td>\n",
       "      <td>-0.028211</td>\n",
       "      <td>-0.015542</td>\n",
       "      <td>-0.001131</td>\n",
       "    </tr>\n",
       "    <tr>\n",
       "      <th>1970-08-31</th>\n",
       "      <td>0.052648</td>\n",
       "      <td>0.089836</td>\n",
       "      <td>0.084056</td>\n",
       "      <td>0.064191</td>\n",
       "      <td>0.042049</td>\n",
       "      <td>0.021638</td>\n",
       "      <td>0.004160</td>\n",
       "      <td>-0.010129</td>\n",
       "      <td>-0.021270</td>\n",
       "      <td>-0.029342</td>\n",
       "      <td>-0.034449</td>\n",
       "      <td>-0.036721</td>\n",
       "      <td>-0.036306</td>\n",
       "      <td>-0.033345</td>\n",
       "      <td>-0.027955</td>\n",
       "      <td>-0.020241</td>\n",
       "      <td>-0.010302</td>\n",
       "      <td>0.001768</td>\n",
       "      <td>0.015877</td>\n",
       "      <td>0.031936</td>\n",
       "    </tr>\n",
       "    <tr>\n",
       "      <th>1970-09-30</th>\n",
       "      <td>0.070268</td>\n",
       "      <td>0.094800</td>\n",
       "      <td>0.076648</td>\n",
       "      <td>0.052209</td>\n",
       "      <td>0.028983</td>\n",
       "      <td>0.008886</td>\n",
       "      <td>-0.007734</td>\n",
       "      <td>-0.021033</td>\n",
       "      <td>-0.031266</td>\n",
       "      <td>-0.038647</td>\n",
       "      <td>-0.043350</td>\n",
       "      <td>-0.045530</td>\n",
       "      <td>-0.045331</td>\n",
       "      <td>-0.042874</td>\n",
       "      <td>-0.038262</td>\n",
       "      <td>-0.031586</td>\n",
       "      <td>-0.022931</td>\n",
       "      <td>-0.012381</td>\n",
       "      <td>-0.000020</td>\n",
       "      <td>0.014073</td>\n",
       "    </tr>\n",
       "    <tr>\n",
       "      <th>1970-10-31</th>\n",
       "      <td>0.107300</td>\n",
       "      <td>0.167124</td>\n",
       "      <td>0.168778</td>\n",
       "      <td>0.143970</td>\n",
       "      <td>0.112772</td>\n",
       "      <td>0.082847</td>\n",
       "      <td>0.056698</td>\n",
       "      <td>0.034964</td>\n",
       "      <td>0.017657</td>\n",
       "      <td>0.004651</td>\n",
       "      <td>-0.004281</td>\n",
       "      <td>-0.009432</td>\n",
       "      <td>-0.011122</td>\n",
       "      <td>-0.009623</td>\n",
       "      <td>-0.005151</td>\n",
       "      <td>0.002111</td>\n",
       "      <td>0.012003</td>\n",
       "      <td>0.024380</td>\n",
       "      <td>0.039108</td>\n",
       "      <td>0.056058</td>\n",
       "    </tr>\n",
       "    <tr>\n",
       "      <th>1971-01-31</th>\n",
       "      <td>0.066607</td>\n",
       "      <td>0.068937</td>\n",
       "      <td>0.061040</td>\n",
       "      <td>0.056791</td>\n",
       "      <td>0.057549</td>\n",
       "      <td>0.062095</td>\n",
       "      <td>0.069180</td>\n",
       "      <td>0.077821</td>\n",
       "      <td>0.087419</td>\n",
       "      <td>0.097681</td>\n",
       "      <td>0.108503</td>\n",
       "      <td>0.119895</td>\n",
       "      <td>0.131914</td>\n",
       "      <td>0.144612</td>\n",
       "      <td>0.158027</td>\n",
       "      <td>0.172179</td>\n",
       "      <td>0.187077</td>\n",
       "      <td>0.202720</td>\n",
       "      <td>0.219093</td>\n",
       "      <td>0.236177</td>\n",
       "    </tr>\n",
       "    <tr>\n",
       "      <th>1971-02-28</th>\n",
       "      <td>0.114194</td>\n",
       "      <td>0.117087</td>\n",
       "      <td>0.098703</td>\n",
       "      <td>0.077304</td>\n",
       "      <td>0.061957</td>\n",
       "      <td>0.053468</td>\n",
       "      <td>0.050838</td>\n",
       "      <td>0.052643</td>\n",
       "      <td>0.057596</td>\n",
       "      <td>0.064861</td>\n",
       "      <td>0.073969</td>\n",
       "      <td>0.084675</td>\n",
       "      <td>0.096848</td>\n",
       "      <td>0.110406</td>\n",
       "      <td>0.125291</td>\n",
       "      <td>0.141455</td>\n",
       "      <td>0.158860</td>\n",
       "      <td>0.177466</td>\n",
       "      <td>0.197238</td>\n",
       "      <td>0.218137</td>\n",
       "    </tr>\n",
       "    <tr>\n",
       "      <th>1971-03-31</th>\n",
       "      <td>0.023021</td>\n",
       "      <td>0.011294</td>\n",
       "      <td>-0.017238</td>\n",
       "      <td>-0.039340</td>\n",
       "      <td>-0.052139</td>\n",
       "      <td>-0.057141</td>\n",
       "      <td>-0.056268</td>\n",
       "      <td>-0.051307</td>\n",
       "      <td>-0.043585</td>\n",
       "      <td>-0.033918</td>\n",
       "      <td>-0.022783</td>\n",
       "      <td>-0.010452</td>\n",
       "      <td>0.002913</td>\n",
       "      <td>0.017198</td>\n",
       "      <td>0.032323</td>\n",
       "      <td>0.048218</td>\n",
       "      <td>0.064827</td>\n",
       "      <td>0.082095</td>\n",
       "      <td>0.099972</td>\n",
       "      <td>0.118407</td>\n",
       "    </tr>\n",
       "    <tr>\n",
       "      <th>1971-04-30</th>\n",
       "      <td>-0.185425</td>\n",
       "      <td>-0.096257</td>\n",
       "      <td>-0.094306</td>\n",
       "      <td>-0.106638</td>\n",
       "      <td>-0.116254</td>\n",
       "      <td>-0.120085</td>\n",
       "      <td>-0.118476</td>\n",
       "      <td>-0.112605</td>\n",
       "      <td>-0.103444</td>\n",
       "      <td>-0.091676</td>\n",
       "      <td>-0.077798</td>\n",
       "      <td>-0.062170</td>\n",
       "      <td>-0.045040</td>\n",
       "      <td>-0.026587</td>\n",
       "      <td>-0.006947</td>\n",
       "      <td>0.013767</td>\n",
       "      <td>0.035461</td>\n",
       "      <td>0.058050</td>\n",
       "      <td>0.081455</td>\n",
       "      <td>0.105603</td>\n",
       "    </tr>\n",
       "    <tr>\n",
       "      <th>1971-05-31</th>\n",
       "      <td>-0.245589</td>\n",
       "      <td>-0.276457</td>\n",
       "      <td>-0.280707</td>\n",
       "      <td>-0.253627</td>\n",
       "      <td>-0.215711</td>\n",
       "      <td>-0.175549</td>\n",
       "      <td>-0.136240</td>\n",
       "      <td>-0.098710</td>\n",
       "      <td>-0.063094</td>\n",
       "      <td>-0.029288</td>\n",
       "      <td>0.002948</td>\n",
       "      <td>0.033910</td>\n",
       "      <td>0.063847</td>\n",
       "      <td>0.092946</td>\n",
       "      <td>0.121348</td>\n",
       "      <td>0.149161</td>\n",
       "      <td>0.176462</td>\n",
       "      <td>0.203306</td>\n",
       "      <td>0.229730</td>\n",
       "      <td>0.255758</td>\n",
       "    </tr>\n",
       "    <tr>\n",
       "      <th>1971-08-31</th>\n",
       "      <td>-0.342786</td>\n",
       "      <td>-0.350320</td>\n",
       "      <td>-0.317584</td>\n",
       "      <td>-0.277175</td>\n",
       "      <td>-0.238317</td>\n",
       "      <td>-0.202887</td>\n",
       "      <td>-0.170712</td>\n",
       "      <td>-0.141339</td>\n",
       "      <td>-0.114345</td>\n",
       "      <td>-0.089342</td>\n",
       "      <td>-0.065867</td>\n",
       "      <td>-0.043461</td>\n",
       "      <td>-0.021779</td>\n",
       "      <td>-0.000568</td>\n",
       "      <td>0.020364</td>\n",
       "      <td>0.041158</td>\n",
       "      <td>0.061918</td>\n",
       "      <td>0.082718</td>\n",
       "      <td>0.103611</td>\n",
       "      <td>0.124632</td>\n",
       "    </tr>\n",
       "    <tr>\n",
       "      <th>1971-09-30</th>\n",
       "      <td>-0.493304</td>\n",
       "      <td>-0.448951</td>\n",
       "      <td>-0.392316</td>\n",
       "      <td>-0.344832</td>\n",
       "      <td>-0.306266</td>\n",
       "      <td>-0.274563</td>\n",
       "      <td>-0.248103</td>\n",
       "      <td>-0.225559</td>\n",
       "      <td>-0.205890</td>\n",
       "      <td>-0.188275</td>\n",
       "      <td>-0.172086</td>\n",
       "      <td>-0.156806</td>\n",
       "      <td>-0.142020</td>\n",
       "      <td>-0.127423</td>\n",
       "      <td>-0.112795</td>\n",
       "      <td>-0.097975</td>\n",
       "      <td>-0.082849</td>\n",
       "      <td>-0.067336</td>\n",
       "      <td>-0.051384</td>\n",
       "      <td>-0.034956</td>\n",
       "    </tr>\n",
       "    <tr>\n",
       "      <th>1971-10-31</th>\n",
       "      <td>-0.555395</td>\n",
       "      <td>-0.510208</td>\n",
       "      <td>-0.455436</td>\n",
       "      <td>-0.406201</td>\n",
       "      <td>-0.366633</td>\n",
       "      <td>-0.335546</td>\n",
       "      <td>-0.310806</td>\n",
       "      <td>-0.290353</td>\n",
       "      <td>-0.272584</td>\n",
       "      <td>-0.256289</td>\n",
       "      <td>-0.240609</td>\n",
       "      <td>-0.225033</td>\n",
       "      <td>-0.209234</td>\n",
       "      <td>-0.192985</td>\n",
       "      <td>-0.176127</td>\n",
       "      <td>-0.158551</td>\n",
       "      <td>-0.140188</td>\n",
       "      <td>-0.120996</td>\n",
       "      <td>-0.100954</td>\n",
       "      <td>-0.080060</td>\n",
       "    </tr>\n",
       "    <tr>\n",
       "      <th>1972-02-29</th>\n",
       "      <td>-0.599494</td>\n",
       "      <td>-0.588613</td>\n",
       "      <td>-0.557728</td>\n",
       "      <td>-0.524028</td>\n",
       "      <td>-0.492653</td>\n",
       "      <td>-0.464933</td>\n",
       "      <td>-0.440581</td>\n",
       "      <td>-0.418921</td>\n",
       "      <td>-0.399282</td>\n",
       "      <td>-0.381081</td>\n",
       "      <td>-0.363815</td>\n",
       "      <td>-0.347044</td>\n",
       "      <td>-0.330450</td>\n",
       "      <td>-0.313801</td>\n",
       "      <td>-0.296934</td>\n",
       "      <td>-0.279727</td>\n",
       "      <td>-0.262098</td>\n",
       "      <td>-0.243988</td>\n",
       "      <td>-0.225359</td>\n",
       "      <td>-0.206187</td>\n",
       "    </tr>\n",
       "    <tr>\n",
       "      <th>1972-03-31</th>\n",
       "      <td>-0.644677</td>\n",
       "      <td>-0.582652</td>\n",
       "      <td>-0.516497</td>\n",
       "      <td>-0.460190</td>\n",
       "      <td>-0.413453</td>\n",
       "      <td>-0.374363</td>\n",
       "      <td>-0.341166</td>\n",
       "      <td>-0.312502</td>\n",
       "      <td>-0.287263</td>\n",
       "      <td>-0.264557</td>\n",
       "      <td>-0.243623</td>\n",
       "      <td>-0.223850</td>\n",
       "      <td>-0.204797</td>\n",
       "      <td>-0.186145</td>\n",
       "      <td>-0.167659</td>\n",
       "      <td>-0.149168</td>\n",
       "      <td>-0.130548</td>\n",
       "      <td>-0.111707</td>\n",
       "      <td>-0.092583</td>\n",
       "      <td>-0.073131</td>\n",
       "    </tr>\n",
       "    <tr>\n",
       "      <th>1972-04-30</th>\n",
       "      <td>-0.473453</td>\n",
       "      <td>-0.579328</td>\n",
       "      <td>-0.536967</td>\n",
       "      <td>-0.484911</td>\n",
       "      <td>-0.440061</td>\n",
       "      <td>-0.402082</td>\n",
       "      <td>-0.369208</td>\n",
       "      <td>-0.340089</td>\n",
       "      <td>-0.313672</td>\n",
       "      <td>-0.289150</td>\n",
       "      <td>-0.265923</td>\n",
       "      <td>-0.243554</td>\n",
       "      <td>-0.221733</td>\n",
       "      <td>-0.200233</td>\n",
       "      <td>-0.178890</td>\n",
       "      <td>-0.157587</td>\n",
       "      <td>-0.136239</td>\n",
       "      <td>-0.114788</td>\n",
       "      <td>-0.093196</td>\n",
       "      <td>-0.071440</td>\n",
       "    </tr>\n",
       "    <tr>\n",
       "      <th>1972-07-31</th>\n",
       "      <td>-0.173225</td>\n",
       "      <td>-0.068009</td>\n",
       "      <td>0.041433</td>\n",
       "      <td>0.132978</td>\n",
       "      <td>0.201106</td>\n",
       "      <td>0.250182</td>\n",
       "      <td>0.284977</td>\n",
       "      <td>0.309141</td>\n",
       "      <td>0.325474</td>\n",
       "      <td>0.336075</td>\n",
       "      <td>0.342626</td>\n",
       "      <td>0.346346</td>\n",
       "      <td>0.348115</td>\n",
       "      <td>0.348586</td>\n",
       "      <td>0.348248</td>\n",
       "      <td>0.347466</td>\n",
       "      <td>0.346519</td>\n",
       "      <td>0.345613</td>\n",
       "      <td>0.344907</td>\n",
       "      <td>0.344517</td>\n",
       "    </tr>\n",
       "    <tr>\n",
       "      <th>1972-08-31</th>\n",
       "      <td>-0.225684</td>\n",
       "      <td>-0.137572</td>\n",
       "      <td>0.000616</td>\n",
       "      <td>0.125550</td>\n",
       "      <td>0.222392</td>\n",
       "      <td>0.295061</td>\n",
       "      <td>0.348984</td>\n",
       "      <td>0.388665</td>\n",
       "      <td>0.417640</td>\n",
       "      <td>0.438640</td>\n",
       "      <td>0.453816</td>\n",
       "      <td>0.464692</td>\n",
       "      <td>0.472373</td>\n",
       "      <td>0.477674</td>\n",
       "      <td>0.481208</td>\n",
       "      <td>0.483437</td>\n",
       "      <td>0.484716</td>\n",
       "      <td>0.485314</td>\n",
       "      <td>0.485438</td>\n",
       "      <td>0.485245</td>\n",
       "    </tr>\n",
       "    <tr>\n",
       "      <th>1972-09-30</th>\n",
       "      <td>-0.047946</td>\n",
       "      <td>-0.036669</td>\n",
       "      <td>0.039054</td>\n",
       "      <td>0.118379</td>\n",
       "      <td>0.185023</td>\n",
       "      <td>0.238185</td>\n",
       "      <td>0.279778</td>\n",
       "      <td>0.311991</td>\n",
       "      <td>0.336706</td>\n",
       "      <td>0.355667</td>\n",
       "      <td>0.370356</td>\n",
       "      <td>0.381832</td>\n",
       "      <td>0.390873</td>\n",
       "      <td>0.398061</td>\n",
       "      <td>0.403837</td>\n",
       "      <td>0.408537</td>\n",
       "      <td>0.412418</td>\n",
       "      <td>0.415680</td>\n",
       "      <td>0.418473</td>\n",
       "      <td>0.420914</td>\n",
       "    </tr>\n",
       "    <tr>\n",
       "      <th>1973-06-30</th>\n",
       "      <td>0.054497</td>\n",
       "      <td>0.088030</td>\n",
       "      <td>0.186993</td>\n",
       "      <td>0.283413</td>\n",
       "      <td>0.360461</td>\n",
       "      <td>0.418771</td>\n",
       "      <td>0.462348</td>\n",
       "      <td>0.494809</td>\n",
       "      <td>0.518927</td>\n",
       "      <td>0.536841</td>\n",
       "      <td>0.550234</td>\n",
       "      <td>0.560347</td>\n",
       "      <td>0.568082</td>\n",
       "      <td>0.574116</td>\n",
       "      <td>0.578954</td>\n",
       "      <td>0.582982</td>\n",
       "      <td>0.586491</td>\n",
       "      <td>0.589704</td>\n",
       "      <td>0.592786</td>\n",
       "      <td>0.595865</td>\n",
       "    </tr>\n",
       "    <tr>\n",
       "      <th>1973-07-31</th>\n",
       "      <td>0.816327</td>\n",
       "      <td>0.750254</td>\n",
       "      <td>0.781095</td>\n",
       "      <td>0.810985</td>\n",
       "      <td>0.830748</td>\n",
       "      <td>0.842989</td>\n",
       "      <td>0.849929</td>\n",
       "      <td>0.852663</td>\n",
       "      <td>0.851941</td>\n",
       "      <td>0.848589</td>\n",
       "      <td>0.843423</td>\n",
       "      <td>0.837090</td>\n",
       "      <td>0.830096</td>\n",
       "      <td>0.822830</td>\n",
       "      <td>0.815595</td>\n",
       "      <td>0.808617</td>\n",
       "      <td>0.802070</td>\n",
       "      <td>0.796079</td>\n",
       "      <td>0.790737</td>\n",
       "      <td>0.786106</td>\n",
       "    </tr>\n",
       "    <tr>\n",
       "      <th>1973-08-31</th>\n",
       "      <td>0.879264</td>\n",
       "      <td>0.859470</td>\n",
       "      <td>0.898103</td>\n",
       "      <td>0.928647</td>\n",
       "      <td>0.947947</td>\n",
       "      <td>0.959789</td>\n",
       "      <td>0.966689</td>\n",
       "      <td>0.969803</td>\n",
       "      <td>0.969878</td>\n",
       "      <td>0.967664</td>\n",
       "      <td>0.963842</td>\n",
       "      <td>0.958954</td>\n",
       "      <td>0.953431</td>\n",
       "      <td>0.947611</td>\n",
       "      <td>0.941755</td>\n",
       "      <td>0.936060</td>\n",
       "      <td>0.930671</td>\n",
       "      <td>0.925693</td>\n",
       "      <td>0.921196</td>\n",
       "      <td>0.917227</td>\n",
       "    </tr>\n",
       "    <tr>\n",
       "      <th>1973-12-31</th>\n",
       "      <td>1.181647</td>\n",
       "      <td>1.165767</td>\n",
       "      <td>1.173788</td>\n",
       "      <td>1.192457</td>\n",
       "      <td>1.213108</td>\n",
       "      <td>1.231905</td>\n",
       "      <td>1.246992</td>\n",
       "      <td>1.257713</td>\n",
       "      <td>1.264365</td>\n",
       "      <td>1.267733</td>\n",
       "      <td>1.268511</td>\n",
       "      <td>1.267258</td>\n",
       "      <td>1.264440</td>\n",
       "      <td>1.260431</td>\n",
       "      <td>1.255536</td>\n",
       "      <td>1.249992</td>\n",
       "      <td>1.243986</td>\n",
       "      <td>1.237661</td>\n",
       "      <td>1.231124</td>\n",
       "      <td>1.224456</td>\n",
       "    </tr>\n",
       "    <tr>\n",
       "      <th>1974-01-31</th>\n",
       "      <td>1.040892</td>\n",
       "      <td>1.094743</td>\n",
       "      <td>1.143876</td>\n",
       "      <td>1.194550</td>\n",
       "      <td>1.240393</td>\n",
       "      <td>1.279570</td>\n",
       "      <td>1.311836</td>\n",
       "      <td>1.337590</td>\n",
       "      <td>1.357859</td>\n",
       "      <td>1.373865</td>\n",
       "      <td>1.386552</td>\n",
       "      <td>1.396648</td>\n",
       "      <td>1.404737</td>\n",
       "      <td>1.411285</td>\n",
       "      <td>1.416662</td>\n",
       "      <td>1.421159</td>\n",
       "      <td>1.425004</td>\n",
       "      <td>1.428373</td>\n",
       "      <td>1.431398</td>\n",
       "      <td>1.434182</td>\n",
       "    </tr>\n",
       "    <tr>\n",
       "      <th>1974-02-28</th>\n",
       "      <td>1.050698</td>\n",
       "      <td>1.053129</td>\n",
       "      <td>1.100287</td>\n",
       "      <td>1.151320</td>\n",
       "      <td>1.195417</td>\n",
       "      <td>1.231850</td>\n",
       "      <td>1.261592</td>\n",
       "      <td>1.285732</td>\n",
       "      <td>1.305449</td>\n",
       "      <td>1.321824</td>\n",
       "      <td>1.335653</td>\n",
       "      <td>1.347556</td>\n",
       "      <td>1.358032</td>\n",
       "      <td>1.367478</td>\n",
       "      <td>1.376207</td>\n",
       "      <td>1.384459</td>\n",
       "      <td>1.392419</td>\n",
       "      <td>1.400224</td>\n",
       "      <td>1.407972</td>\n",
       "      <td>1.415731</td>\n",
       "    </tr>\n",
       "    <tr>\n",
       "      <th>1974-03-31</th>\n",
       "      <td>1.281852</td>\n",
       "      <td>1.302804</td>\n",
       "      <td>1.340086</td>\n",
       "      <td>1.375745</td>\n",
       "      <td>1.404053</td>\n",
       "      <td>1.426019</td>\n",
       "      <td>1.443148</td>\n",
       "      <td>1.456569</td>\n",
       "      <td>1.467244</td>\n",
       "      <td>1.475975</td>\n",
       "      <td>1.483376</td>\n",
       "      <td>1.489960</td>\n",
       "      <td>1.496164</td>\n",
       "      <td>1.502348</td>\n",
       "      <td>1.508806</td>\n",
       "      <td>1.515771</td>\n",
       "      <td>1.523424</td>\n",
       "      <td>1.531905</td>\n",
       "      <td>1.541319</td>\n",
       "      <td>1.551734</td>\n",
       "    </tr>\n",
       "    <tr>\n",
       "      <th>1974-04-30</th>\n",
       "      <td>1.167663</td>\n",
       "      <td>1.188018</td>\n",
       "      <td>1.189775</td>\n",
       "      <td>1.205153</td>\n",
       "      <td>1.227220</td>\n",
       "      <td>1.250713</td>\n",
       "      <td>1.273629</td>\n",
       "      <td>1.295334</td>\n",
       "      <td>1.315887</td>\n",
       "      <td>1.335556</td>\n",
       "      <td>1.354595</td>\n",
       "      <td>1.373261</td>\n",
       "      <td>1.391802</td>\n",
       "      <td>1.410440</td>\n",
       "      <td>1.429360</td>\n",
       "      <td>1.448713</td>\n",
       "      <td>1.468617</td>\n",
       "      <td>1.489159</td>\n",
       "      <td>1.510402</td>\n",
       "      <td>1.532378</td>\n",
       "    </tr>\n",
       "    <tr>\n",
       "      <th>1974-05-31</th>\n",
       "      <td>1.146352</td>\n",
       "      <td>1.018461</td>\n",
       "      <td>1.021079</td>\n",
       "      <td>1.061868</td>\n",
       "      <td>1.107051</td>\n",
       "      <td>1.148872</td>\n",
       "      <td>1.186414</td>\n",
       "      <td>1.220083</td>\n",
       "      <td>1.250523</td>\n",
       "      <td>1.278263</td>\n",
       "      <td>1.303718</td>\n",
       "      <td>1.327256</td>\n",
       "      <td>1.349203</td>\n",
       "      <td>1.369842</td>\n",
       "      <td>1.389409</td>\n",
       "      <td>1.408096</td>\n",
       "      <td>1.426056</td>\n",
       "      <td>1.443410</td>\n",
       "      <td>1.460249</td>\n",
       "      <td>1.476636</td>\n",
       "    </tr>\n",
       "    <tr>\n",
       "      <th>1974-06-30</th>\n",
       "      <td>1.225165</td>\n",
       "      <td>1.208627</td>\n",
       "      <td>1.247210</td>\n",
       "      <td>1.295294</td>\n",
       "      <td>1.339766</td>\n",
       "      <td>1.377981</td>\n",
       "      <td>1.410278</td>\n",
       "      <td>1.437743</td>\n",
       "      <td>1.461643</td>\n",
       "      <td>1.482951</td>\n",
       "      <td>1.502393</td>\n",
       "      <td>1.520567</td>\n",
       "      <td>1.537981</td>\n",
       "      <td>1.555059</td>\n",
       "      <td>1.572153</td>\n",
       "      <td>1.589551</td>\n",
       "      <td>1.607489</td>\n",
       "      <td>1.626157</td>\n",
       "      <td>1.645705</td>\n",
       "      <td>1.666234</td>\n",
       "    </tr>\n",
       "    <tr>\n",
       "      <th>1974-07-31</th>\n",
       "      <td>0.992567</td>\n",
       "      <td>0.896640</td>\n",
       "      <td>0.949248</td>\n",
       "      <td>1.031434</td>\n",
       "      <td>1.108998</td>\n",
       "      <td>1.174700</td>\n",
       "      <td>1.228997</td>\n",
       "      <td>1.274151</td>\n",
       "      <td>1.312704</td>\n",
       "      <td>1.346461</td>\n",
       "      <td>1.376697</td>\n",
       "      <td>1.404399</td>\n",
       "      <td>1.430366</td>\n",
       "      <td>1.455252</td>\n",
       "      <td>1.479600</td>\n",
       "      <td>1.503865</td>\n",
       "      <td>1.528428</td>\n",
       "      <td>1.553613</td>\n",
       "      <td>1.579681</td>\n",
       "      <td>1.606824</td>\n",
       "    </tr>\n",
       "    <tr>\n",
       "      <th>1974-08-31</th>\n",
       "      <td>0.990793</td>\n",
       "      <td>0.989375</td>\n",
       "      <td>1.046698</td>\n",
       "      <td>1.124034</td>\n",
       "      <td>1.203067</td>\n",
       "      <td>1.278175</td>\n",
       "      <td>1.347960</td>\n",
       "      <td>1.412385</td>\n",
       "      <td>1.471719</td>\n",
       "      <td>1.526247</td>\n",
       "      <td>1.576294</td>\n",
       "      <td>1.622236</td>\n",
       "      <td>1.664477</td>\n",
       "      <td>1.703419</td>\n",
       "      <td>1.739447</td>\n",
       "      <td>1.772922</td>\n",
       "      <td>1.804176</td>\n",
       "      <td>1.833518</td>\n",
       "      <td>1.861213</td>\n",
       "      <td>1.887471</td>\n",
       "    </tr>\n",
       "    <tr>\n",
       "      <th>...</th>\n",
       "      <td>...</td>\n",
       "      <td>...</td>\n",
       "      <td>...</td>\n",
       "      <td>...</td>\n",
       "      <td>...</td>\n",
       "      <td>...</td>\n",
       "      <td>...</td>\n",
       "      <td>...</td>\n",
       "      <td>...</td>\n",
       "      <td>...</td>\n",
       "      <td>...</td>\n",
       "      <td>...</td>\n",
       "      <td>...</td>\n",
       "      <td>...</td>\n",
       "      <td>...</td>\n",
       "      <td>...</td>\n",
       "      <td>...</td>\n",
       "      <td>...</td>\n",
       "      <td>...</td>\n",
       "      <td>...</td>\n",
       "    </tr>\n",
       "    <tr>\n",
       "      <th>2012-06-30</th>\n",
       "      <td>-1.575787</td>\n",
       "      <td>-1.647281</td>\n",
       "      <td>-1.700459</td>\n",
       "      <td>-1.735471</td>\n",
       "      <td>-1.756546</td>\n",
       "      <td>-1.767464</td>\n",
       "      <td>-1.770848</td>\n",
       "      <td>-1.768586</td>\n",
       "      <td>-1.762079</td>\n",
       "      <td>-1.752367</td>\n",
       "      <td>-1.740246</td>\n",
       "      <td>-1.726339</td>\n",
       "      <td>-1.711150</td>\n",
       "      <td>-1.695089</td>\n",
       "      <td>-1.678486</td>\n",
       "      <td>-1.661601</td>\n",
       "      <td>-1.644635</td>\n",
       "      <td>-1.627730</td>\n",
       "      <td>-1.610981</td>\n",
       "      <td>-1.594441</td>\n",
       "    </tr>\n",
       "    <tr>\n",
       "      <th>2012-07-31</th>\n",
       "      <td>-1.600206</td>\n",
       "      <td>-1.683968</td>\n",
       "      <td>-1.747153</td>\n",
       "      <td>-1.789572</td>\n",
       "      <td>-1.815874</td>\n",
       "      <td>-1.830511</td>\n",
       "      <td>-1.836605</td>\n",
       "      <td>-1.836392</td>\n",
       "      <td>-1.831480</td>\n",
       "      <td>-1.823026</td>\n",
       "      <td>-1.811880</td>\n",
       "      <td>-1.798695</td>\n",
       "      <td>-1.783985</td>\n",
       "      <td>-1.768174</td>\n",
       "      <td>-1.751609</td>\n",
       "      <td>-1.734576</td>\n",
       "      <td>-1.717300</td>\n",
       "      <td>-1.699955</td>\n",
       "      <td>-1.682662</td>\n",
       "      <td>-1.665495</td>\n",
       "    </tr>\n",
       "    <tr>\n",
       "      <th>2012-08-31</th>\n",
       "      <td>-1.594488</td>\n",
       "      <td>-1.674575</td>\n",
       "      <td>-1.742553</td>\n",
       "      <td>-1.788533</td>\n",
       "      <td>-1.816527</td>\n",
       "      <td>-1.831602</td>\n",
       "      <td>-1.837387</td>\n",
       "      <td>-1.836464</td>\n",
       "      <td>-1.830654</td>\n",
       "      <td>-1.821260</td>\n",
       "      <td>-1.809229</td>\n",
       "      <td>-1.795278</td>\n",
       "      <td>-1.779967</td>\n",
       "      <td>-1.763740</td>\n",
       "      <td>-1.746949</td>\n",
       "      <td>-1.729873</td>\n",
       "      <td>-1.712719</td>\n",
       "      <td>-1.695635</td>\n",
       "      <td>-1.678714</td>\n",
       "      <td>-1.662001</td>\n",
       "    </tr>\n",
       "    <tr>\n",
       "      <th>2012-09-30</th>\n",
       "      <td>-1.587392</td>\n",
       "      <td>-1.656604</td>\n",
       "      <td>-1.715818</td>\n",
       "      <td>-1.756313</td>\n",
       "      <td>-1.781419</td>\n",
       "      <td>-1.795344</td>\n",
       "      <td>-1.801124</td>\n",
       "      <td>-1.800933</td>\n",
       "      <td>-1.796308</td>\n",
       "      <td>-1.788348</td>\n",
       "      <td>-1.777858</td>\n",
       "      <td>-1.765446</td>\n",
       "      <td>-1.751587</td>\n",
       "      <td>-1.736660</td>\n",
       "      <td>-1.720968</td>\n",
       "      <td>-1.704751</td>\n",
       "      <td>-1.688196</td>\n",
       "      <td>-1.671440</td>\n",
       "      <td>-1.654579</td>\n",
       "      <td>-1.637671</td>\n",
       "    </tr>\n",
       "    <tr>\n",
       "      <th>2012-10-31</th>\n",
       "      <td>-1.589685</td>\n",
       "      <td>-1.650586</td>\n",
       "      <td>-1.702708</td>\n",
       "      <td>-1.738366</td>\n",
       "      <td>-1.759906</td>\n",
       "      <td>-1.770812</td>\n",
